ArrayList Before sorting:
10 9 8 7 6 0 1 2 3 4 5


ArrayList After BubbleSort:
0 1 2 3 4 5 6 7 8 9
10

Mediana zbioru: 5.0
Maksymalna wartosc zbioru: 10
Minimalna wartosc zbioru: 0
Liczebnosc zbioru: 11


ArrayList Before sorting:
12306 1807 3321 7506 6743 2243 4960 11748 853 4581 326
11099 2832 8320 9764 3957 5402 5157 4400 1952 5423 5500
6218 4215 11614 3967 6366 4484 4009 6578 11158 9467 10784
11490 9102 8208 8177 8323 9116 11883 3950 10932 8142 9334
9982 9974 4327 6173 760 2124 4450 6517 2587 1055 6236
6939 5192 5303 5651 4362 1123 629 12290 331 541 1901
1032 2125 2174 7696 1308 1733 6149 5165 10028 5577 9312
8537 12123 7198 3894 5336 8135 9697 2349 4259 770 3778
1361 5905 8986 3112 3686 4367 11872 11061 5014 4296 2202
12077 5862 5344 1469 7872 2360 7415 9212 1792 6168 5138
2823 186 8962 7785 5035 4641 846 8908 2600 2578 11021
10876 6228 7933 2898 2003 5682 2920 9032 2945 1447 11088
9245 4376 416 9098 7975 4706 12067 7911 7548 2738 1179
7907 11095 7646 3973 6704 5546 11991 8507 5734 4606 1953
10406 277 10831 5767 298 10063 9799 1244 2996 2220 9488
7885 10072 1934 8351 4808 2449 9402 3813 3610 10639 2833
9807 10334 12041 8806 10569 2674 9323 866 1624 10245 4563
2881 561 10565 8246 964 7199 9568 6498 8146 202 9821
5725 11305 9027 2235 7736 10104 7584 2514 9010 6181 11836
11249 7000 10097 9594 839 12081 9457 11791 5257 1726 9481
9505 5322 290 9603 4204 6501 5715 11936 8703 4933 5498
4717 2284 5736 57 2678 6129 9494 11266 8814 9626 7065
7209 12100 3531 10716 7226 6113 2669 10660 4259 3507 11691
10407 5382 6169 1909 6321 900 1190 12011 5539 4074 2174
4494 11578 7491 3964 3077 11826 10396 262 7708 1407 10478
2785 5527 1703 7004 5715 4123 6028 290 11272 587 5518
3068 8721 10304 10930 11996 11996 1429 12203 7165 821 8652
9410 2126 1717 9556 7415 9354 8787 11058 10508 5364 367
5839 2226 1584 1077 7079 5520 1971 1589 747 5783 2409
7242 12299 3744 6312 4049 11784 9297 2542 10279 2330 3185
2689 2856 7928 10976 10534 5776 9700 2571 4695 6204 11904
3776 9138 9965 4468 3208 8133 3645 8735 1660 8056 2510
5675 2526 4933 1800 8326 9409 2446 908 11280 2980 6288
5108 730 11086 5145 1913 4306 4249 3339 4762 11503 1064
254 9922 5678 11353 4788 10810 3749 11970 1728 5573 1704
3143 4175 5640 6644 8208 12313 8369 11314 3854 2199 3100
508 11343 5718 6758 142 10134 3156 4974 8088 2245 8117
5308 10641 5470 797 8268 1661 1354 3351 5807 2261 2676
6562 10505 391 4792 422 3570 11620 11475 696 10323 12058
7604 10592 2710 5094 3274 4795 3519 6623 11942 1492 5429
5332 6960 7719 9517 288 10561 9797 8079 5125 1245 12302
7740 3632 3921 6154 6297 8823 11329 4647 11440 10586 10478
4151 11818 7317 5672 3247 12255 5891 7529 1530 1737 3566
1110 1471 5453 11692 764 9538 10051 3193 761 2603 10709
5680 5578 4650 11892 6505 6368 4187 10910 378 8007 9185
2702 2482 3651 12298 6380 940 6153 432 8472 5700 5354
6349 6955 1642 503 12326 1925 7563 7602 9545 1434 3299
338 8321 9361 6770 3120 1102 4300 10885 8202 9443 123
552 733 11727 1002 9301 1733 1560 10172 4187 8561 7500
3360 57 7001 6777 10779 1141 4577 4155 2976 8532 9102
2295 3157 3052 1767 7872 4038 11776 263 1503 9304 4621
6181 11555 1734 2901 6583 10037 9945 7562 7855 11709 1316
8618 39 6387 1787 2301 1784 5131 466 8140 6371 12320
2129 10044 11490 12340 6844 2749 10776 2870 4284 1010 7456
4190 4227 8358 7610 8303 4339 4223 4852 7076 548 529
5684 292 9907 4311 2970 5687 8964 5598 6949 1466 4972
562 10991 4483 4219 2225 11314 11200 11947 3190 11948 8041
6075 7301 9416 8919 8395 3216 3391 4180 5162 286 1451
11442 4738 4561 10730 9646 5288 3352 4034 1460 8288 2483
10767 2302 3626 9188 8054 1721 7388 6310 6650 5797 4093
4238 12059 11255 11097 8054 4989 9784 7326 7738 5592 11860
5513 4453 8894 1194 5912 1003 8769 1303 6475 9827 11478
9151 2947 1603 9933 3538 8679 2409 2838 8994 3948 8842
12030 7414 10991 11860 1268 10968 8792 10841 6383 8383 11093
7987 1552 9766 2942 3757 467 6966 8350 10888 855 11937
3391 5960 5951 4168 7932 4341 9747 10196 1408 1912 15
8455 9823 1277 11438 1095 4799 7482 8829 3854 7042 8060
11230 7763 10939 2236 6006 11014 9061 3480 1266 2950 10322
2470 1241 8408 2266 5878 4876 10217 11903 10431 3644 9095
2042 4526 12207 472 5279 2556 3549 11445 1086 6031 109
7574 5516 4858 3104 506 6168 4415 11670 7555 9938 11003
4055 8348 3796 187 9467 4144 5576 7304 10354 1009 2722
7998 9166 9641 11526 2408 2766 5656 9896 7889 2042 1647
11909 7868 2794 5606 5700 2993 1996 10885 5512 6236 10477
11292 3167 12323 6511 10701 7236 12152 2718 6139 10687 1982
5147 9779 2821 9619 2377 6732 7388 4706 4886 2007 2965
10449 2725 5544 7066 7803 3612 4719 11133 9976 11992 10080
7259 4975 11228 8108 5563 7456 6428 11359 2455 2771 4998
2577 8329 2461 9196 3345 6825 4886 11143 5783 4817 3609
381 5034 8677 4872 7528 7311 12123 3712 10147 11311 10869
7735 12171 6182 1918 5290 3430 7456 1035 3101 452 8844
872 3318 6904 348 5563 5037 11132 5887 11546 7209 6684
199 1407 1591 4124 10768 2055 9710 2840 7649 2907 4044
9633 7966 3952 12039 2779 5797 5657 6762 1032 5314 1896
6876 9857 7548 9588 10382 11527 6724 11281 7622 855 9253
2253 3370 10185 8110 9051 8442 11858 12337 9870 2626 6583
11869 1708 4665 10612 1852 3745 2080 4839 3017 10615 9573
9757 10496 10968 11873 4172 10920 5962 11808 3414 2481 5577
6051 4342 4688 5150 828 3992 4656 10959 12249 5963 8915
2152 3512 998 5427 342 646 10109 413 5979 623 8331
5854 2124 5575 2466 3586 12168 133 3330 3030 5427

ArrayList After BubbleSort:
15 39 57 57 109 123 133 142 186 187
199 202 254 262 263 277 286 288 290 290
292 298 326 331 338 342 348 367 378 381
391 413 416 422 432 452 466 467 472 503
506 508 529 541 548 552 561 562 587 623
629 646 696 730 733 747 760 761 764 770
797 821 828 839 846 853 855 855 866 872
900 908 940 964 998 1002 1003 1009 1010 1032
1032 1035 1055 1064 1077 1086 1095 1102 1110 1123
1141 1179 1190 1194 1241 1244 1245 1266 1268 1277
1303 1308 1316 1354 1361 1407 1407 1408 1429 1434
1447 1451 1460 1466 1469 1471 1492 1503 1530 1552
1560 1584 1589 1591 1603 1624 1642 1647 1660 1661
1703 1704 1708 1717 1721 1726 1728 1733 1733 1734
1737 1767 1784 1787 1792 1800 1807 1852 1896 1901
1909 1912 1913 1918 1925 1934 1952 1953 1971 1982
1996 2003 2007 2042 2042 2055 2080 2124 2124 2125
2126 2129 2152 2174 2174 2199 2202 2220 2225 2226
2235 2236 2243 2245 2253 2261 2266 2284 2295 2301
2302 2330 2349 2360 2377 2408 2409 2409 2446 2449
2455 2461 2466 2470 2481 2482 2483 2510 2514 2526
2542 2556 2571 2577 2578 2587 2600 2603 2626 2669
2674 2676 2678 2689 2702 2710 2718 2722 2725 2738
2749 2766 2771 2779 2785 2794 2821 2823 2832 2833
2838 2840 2856 2870 2881 2898 2901 2907 2920 2942
2945 2947 2950 2965 2970 2976 2980 2993 2996 3017
3030 3052 3068 3077 3100 3101 3104 3112 3120 3143
3156 3157 3167 3185 3190 3193 3208 3216 3247 3274
3299 3318 3321 3330 3339 3345 3351 3352 3360 3370
3391 3391 3414 3430 3480 3507 3512 3519 3531 3538
3549 3566 3570 3586 3609 3610 3612 3626 3632 3644
3645 3651 3686 3712 3744 3745 3749 3757 3776 3778
3796 3813 3854 3854 3894 3921 3948 3950 3952 3957
3964 3967 3973 3992 4009 4034 4038 4044 4049 4055
4074 4093 4123 4124 4144 4151 4155 4168 4172 4175
4180 4187 4187 4190 4204 4215 4219 4223 4227 4238
4249 4259 4259 4284 4296 4300 4306 4311 4327 4339
4341 4342 4362 4367 4376 4400 4415 4450 4453 4468
4483 4484 4494 4526 4561 4563 4577 4581 4606 4621
4641 4647 4650 4656 4665 4688 4695 4706 4706 4717
4719 4738 4762 4788 4792 4795 4799 4808 4817 4839
4852 4858 4872 4876 4886 4886 4933 4933 4960 4972
4974 4975 4989 4998 5014 5034 5035 5037 5094 5108
5125 5131 5138 5145 5147 5150 5157 5162 5165 5192
5257 5279 5288 5290 5303 5308 5314 5322 5332 5336
5344 5354 5364 5382 5402 5423 5427 5427 5429 5453
5470 5498 5500 5512 5513 5516 5518 5520 5527 5539
5544 5546 5563 5563 5573 5575 5576 5577 5577 5578
5592 5598 5606 5640 5651 5656 5657 5672 5675 5678
5680 5682 5684 5687 5700 5700 5715 5715 5718 5725
5734 5736 5767 5776 5783 5783 5797 5797 5807 5839
5854 5862 5878 5887 5891 5905 5912 5951 5960 5962
5963 5979 6006 6028 6031 6051 6075 6113 6129 6139
6149 6153 6154 6168 6168 6169 6173 6181 6181 6182
6204 6218 6228 6236 6236 6288 6297 6310 6312 6321
6349 6366 6368 6371 6380 6383 6387 6428 6475 6498
6501 6505 6511 6517 6562 6578 6583 6583 6623 6644
6650 6684 6704 6724 6732 6743 6758 6762 6770 6777
6825 6844 6876 6904 6939 6949 6955 6960 6966 7000
7001 7004 7042 7065 7066 7076 7079 7165 7198 7199
7209 7209 7226 7236 7242 7259 7301 7304 7311 7317
7326 7388 7388 7414 7415 7415 7456 7456 7456 7482
7491 7500 7506 7528 7529 7548 7548 7555 7562 7563
7574 7584 7602 7604 7610 7622 7646 7649 7696 7708
7719 7735 7736 7738 7740 7763 7785 7803 7855 7868
7872 7872 7885 7889 7907 7911 7928 7932 7933 7966
7975 7987 7998 8007 8041 8054 8054 8056 8060 8079
8088 8108 8110 8117 8133 8135 8140 8142 8146 8177
8202 8208 8208 8246 8268 8288 8303 8320 8321 8323
8326 8329 8331 8348 8350 8351 8358 8369 8383 8395
8408 8442 8455 8472 8507 8532 8537 8561 8618 8652
8677 8679 8703 8721 8735 8769 8787 8792 8806 8814
8823 8829 8842 8844 8894 8908 8915 8919 8962 8964
8986 8994 9010 9027 9032 9051 9061 9095 9098 9102
9102 9116 9138 9151 9166 9185 9188 9196 9212 9245
9253 9297 9301 9304 9312 9323 9334 9354 9361 9402
9409 9410 9416 9443 9457 9467 9467 9481 9488 9494
9505 9517 9538 9545 9556 9568 9573 9588 9594 9603
9619 9626 9633 9641 9646 9697 9700 9710 9747 9757
9764 9766 9779 9784 9797 9799 9807 9821 9823 9827
9857 9870 9896 9907 9922 9933 9938 9945 9965 9974
9976 9982 10028 10037 10044 10051 10063 10072 10080 10097
10104 10109 10134 10147 10172 10185 10196 10217 10245 10279
10304 10322 10323 10334 10354 10382 10396 10406 10407 10431
10449 10477 10478 10478 10496 10505 10508 10534 10561 10565
10569 10586 10592 10612 10615 10639 10641 10660 10687 10701
10709 10716 10730 10767 10768 10776 10779 10784 10810 10831
10841 10869 10876 10885 10885 10888 10910 10920 10930 10932
10939 10959 10968 10968 10976 10991 10991 11003 11014 11021
11058 11061 11086 11088 11093 11095 11097 11099 11132 11133
11143 11158 11200 11228 11230 11249 11255 11266 11272 11280
11281 11292 11305 11311 11314 11314 11329 11343 11353 11359
11438 11440 11442 11445 11475 11478 11490 11490 11503 11526
11527 11546 11555 11578 11614 11620 11670 11691 11692 11709
11727 11748 11776 11784 11791 11808 11818 11826 11836 11858
11860 11860 11869 11872 11873 11883 11892 11903 11904 11909
11936 11937 11942 11947 11948 11970 11991 11992 11996 11996
12011 12030 12039 12041 12058 12059 12067 12077 12081 12100
12123 12123 12152 12168 12171 12203 12207 12249 12255 12290
12298 12299 12302 12306 12313 12320 12323 12326 12337 12340

Mediana zbioru: 5729.5
Maksymalna wartosc zbioru: 12340
Minimalna wartosc zbioru: 15
Liczebnosc zbioru: 1000